5.025431193137889
4.698802570536643
4.755199470597122
4.6536103377738645
5.099317564696722
3.824262526301081
4.358026014812247
55.33269328546718
2.872411884412241
4.870203251098266
3.9258613552599577
3.4445644413560275
3.9082861522617685
4.895813736514221
5.080010941621053
3.1770665297362743
5.896230213011792
4.511632522385434
4.212162143930287
5.065201038334683
4.559040607974755
3.695459843363065
3.7752410065763176
3.855504615004638
4.813962136632201
6.120224278454325
20.866965186435166
5.6081322284023845
3.1580823071944746
4.450062159842663
4.745120194128237
5.648345041772025
4.75570048154818
4.129229065379947
2.9725764728391333
3.809467307654711
4.983905242971116
4.129711432886872
4.872568531700507
3.4538160858735667
25.64496430133807
4.486405358933985
5.573503466237011
3.102823673014699
3.3462587367109737
3.231437671854665
4.058004887736666
4.520192361904938
3.2999348280727254
4.062515389807876
3.3471254735960674
3.736762539814083
2.989219818895301
5.4452018103061315
4.836964660357416
3.444150494613212
3.486766271015332
5.103989314520995
4.002446896762375
4.771297745550371
2.9639279452091545
4.081821220120909
4.316842880743229
5.314712943646717
5.272323947895275
4.189057948188804
3.613218140351551
4.141171747391967
3.984023623552943
4.3954521259009045
3.829664896924131
3.652468658502074
4.303076152392242
3.74725962191239
4.77208157302162
5.54633704903978
6.1772158617572375
5.177607926497669
4.003239099467335
3.143128483936313
4.3218455566376655
3.433219754818129
3.821847768453966
4.984982761935406
3.677402268204722
3.6710650257208095
3.915641548986033
4.728231567727964
4.4044495426268115
3.7825663250873434
5.217045708969678
4.818725850215692
3.9376120707075075
4.700448462250747
5.220183780328913
3.628610451032384
3.7578635829397484
3.359851850221717
3.888510357752486
3.5828070255329756
