78.3555473133451
59.79790461321291
77.69519326297844
64.78935216924447
44.40452547433246
76.06801480241086
79.81642740178549
46.049710102147266
120.80143132102086
115.2769117034638
73.6328198590331
96.41752722651802
82.49399871238599
67.58006220508356
77.38203679861608
68.91883061206637
104.64344182371356
85.15987034062552
57.50041521795666
93.83983489912198
90.42439866511813
78.25505795135028
73.69454471901562
80.8210569561313
69.72614798446175
111.3448751248836
107.95698219126166
64.88601916878227
70.1138506497438
76.68688217203635
92.99478105668379
114.21024765131774
78.38304943689613
73.60331408679727
52.87515438701496
70.34957070099003
84.07553265653269
83.9498058604355
56.52024718247532
90.60585184809105
63.751469400758324
73.04464047587362
75.8527421232232
74.4471203154169
108.1387876552597
62.955381833053714
92.98163634877899
67.09148342951714
78.28849211429882
96.71662986570689
99.59835650610987
67.90305926370687
51.02758731879696
50.09350630109637
63.77542632389768
33.26092498008422
89.78810544256547
70.78743385840473
36.107892548805985
10.13605941678596
9.761236369488554
6.723473535993245
5.906996915466953
5.139748772117827
3.1478709131532643
3.3793391444440584
4.322035055663983
4.784737282062726
53.906792705235205
72.9148237500763
119.91355402579504
37.41762035287037
82.38524673335945
91.14109296513197
41.888313359379964
121.02300368820929
74.28011408309199
76.79034506822595
49.89503541612778
73.0046281496912
95.31044212869257
83.83791371697805
61.574686359690304
71.50020246440334
62.734032070222334
96.53741345601782
68.11495483477336
71.2439799491391
99.59491603139999
118.65750674703033
76.52642394914935
103.52003401639145
65.19368140848744
103.98410639630407
43.346549443327504
98.02894954770588
90.84663020824868
96.18408785896457
79.6991687699571
130.3961325811582
