78.74907023148472
57.15803954811006
69.64863143725285
73.75371061125784
58.17235515979246
83.81590985038886
27.709955842927336
64.67299888999722
61.937210491134195
67.33386775814235
78.06581655574604
74.05466624749167
87.01339606136447
55.35874572137483
103.49687861712665
93.19538535679263
77.85808333910016
96.75078436687161
83.47252504670463
67.96648086499206
83.85355706533696
68.35659285402672
97.58637939689625
66.21226856516628
66.27161830818261
100.83460835300873
60.16561268522594
88.82291360138368
55.387329439757835
45.69227609377296
90.44532145480032
94.60882818603616
90.7022145103719
96.61327812698738
75.79363149477174
70.8010983431931
79.85477649512714
106.45472727889423
69.86644400993158
102.57708684060563
58.590916403832644
40.50459071145474
84.81081487238416
123.72161786746388
85.22223452788288
83.7336558652787
72.42408157576206
61.2991335885453
58.29877863378898
99.28127268208114
73.98195056189073
52.33421180857929
53.561901023847255
79.69444562730646
48.814905984540616
41.14696447869127
63.663639864143946
39.837412224571295
90.60154464770802
63.58703068620056
75.91017332171998
86.20505037286257
80.24350357092521
55.394380337865954
40.53436366410825
112.23931532709369
71.3983234654575
67.1458497674517
63.22535882199463
87.13270701805172
46.72673824305651
64.89264600214966
55.70088354248327
84.14283128520668
50.609977779741726
104.23942281784646
72.63590742881246
78.23169513134116
52.239785178470356
90.38176524903898
32.36552235050542
80.99725934458226
90.56658364344003
65.89828640927144
47.02415543669836
70.72089269825939
85.72053802872321
61.068268082845634
50.042096226847185
77.4492906119543
99.88918288007454
76.89247325860578
83.30831760683007
87.05383240621077
80.01380805053874
64.67473635137874
68.39352297574254
94.85029017693614
58.14474944612383
86.54567758250724
