-240.78773435776358, 47.68775185233429, -0.0011762635030133617, 1.631523004772713, 1.5086184312234143
46.07026674675873, 33.3238749716839, -4.363209775925214e-05, 0.06327809632998374, -0.00499182154959901
182.4356215067195, 346.67818883962485, -0.00011123613257208659, -1.2906654233331278, 0.024374753113220245
-55.46735702683729, -50.64753191590887, 0.006301057868263102, 0.6286601392104676, 0.03659771843586336
8.867419440357377, 13.821606140344375, 0.0029687518779122823, 0.09670318723535895, 0.02368935073305516
14.890186801275778, 16.353021302238993, -0.0009173336669879974, 0.07463211904458622, 0.0062188254556529675
-157.88173096939107, -254.47433531548782, -0.000198543555632134, -0.07269976694840477, 0.006661813566495739
19.27223861507896, 18.481080766590523, -0.0002007198916441517, -0.05550354159231877, 0.025902911576690658
8.12386781717542, 16.739662519877697, -0.0026567590267777986, -0.105137430045663, 0.07707264471685651
-5.024614819514705, -15.595648886106607, -0.01247777198659438, -0.008555981781232812, 0.14435945256506943
-35.06307151549419, -27.414144338419167, -0.0136099704448029, -0.03849046327820084, -0.014866996772461404
175.0669874624823, 180.89813716516736, 0.008317178667240953, -0.018610541702079257, -0.04932929304063742
-64.43103423785642, -12.133236731336995, 0.0010245275981676483, -0.0917816816888922, 3.847685288431824e-05
-52.22378070866128, -49.889050856169106, -0.001558209593875696, -0.22668711137156733, 0.06553522793797734
-35.36844984974312, -28.506269158048035, -0.005558292267994735, 0.03616022512909822, 0.07904340757752638
31.46647001400475, 27.783241379171372, -0.0004129849644707343, -0.16510727657925814, 0.043065974919953544
-16.32112784099366, -3.2041719423874655, -0.004013750589300053, 0.018195853448710296, 0.14058293912752048
-370.39136781409934, -300.1213739653729, -0.002172161913777623, 1.3754933731161434, 0.02155030312555224
-793.6451334019531, -738.2025239127793, 0.00022858674347715386, 0.8057319765528352, -0.01192186942729367
178.7089566557419, -5.60740131465726, -0.00035997180095405097, -0.9546500476009514, 0.07410143032673613
4.480240667265461, -34.77065488556712, 0.00035929586792381423, -0.31797913885038326, -0.0017304982626098237
-43.967435670595506, -36.1572340038755, -0.00015451018431588255, -0.11189417209295713, -0.02762732963177406
-11.029738898310532, -2.6662789588478617, -0.00020183768773129242, -0.171101435810956, -0.1517023367554518
392.0630286151906, 394.61010441694435, 0.0008275023058546228, -1.0954656041219801, 0.47741532193250347
515.9258089442744, 461.2880466237663, 0.0038009573872773944, -1.2658234323681066, 0.008884651654099894
-0.27520739124784566, -3.745085011220022, 0.0005037709597303896, 0.09570518578222173, 0.011886468538245773
-1604.8987864186138, -1467.3797538888161, -0.268581294239971, -7.5598666016571014, -0.04563642701715257
645.1883365858671, 822.2728823774225, -0.003947389131664303, 2.0341018244206985, -0.08403085597594427
-4.775223859189371, -30.76762284848639, 0.0012319665439796306, -0.10573388418677548, 0.03668253331179939
-10000.0, 3698.2129069661605, 0.006132455411279048, 2283.76045875995, -0.012945398033039547
8.348172760888596, 7.337561459505065, 0.0001389394869575136, 0.05769086966980161, -0.21361472314546104
-23.156700243351196, -12.342771270695186, -0.0005322433562107694, 0.09588041390478322, -0.10188424680048647
-16.231195531988234, -9.029448771695595, 0.0003224640826189428, -0.15210830544026271, -0.09439062502427875
-10000.0, -7374.6234365323535, -0.19742863566695162, 9.182069055531695, -0.1013974629161038
-82.36108593219491, 91.90457605598786, 0.0027124204150960995, -0.1297256980084484, 0.009274529875390469
7.380335003611897, -11.654065014736688, -0.0030576791333199967, 0.5665138671303378, 0.020874230900254295
-30.17919322627463, -20.34240520682351, -0.000882523845434808, -0.232597241930668, 0.525252742267208
-0.030158125411761216, 1.5540855028982468, -0.00020565270242093285, 0.005071772988454718, -0.009220282219190955
7.48823442452798, 6.80181930621015, -0.0007148108470435455, 0.026786510343492508, -0.005696295657461878
-3.7024775821902605, 16.51839943310914, 0.00013452256417491784, 0.08759824461166697, -0.05515179660432017
24.808329998960538, 20.94047373457343, -0.0004638371312067061, -1.2936833843465716, -0.10864477311506147
52.77681276866878, -8.959836615693746, -0.0013965809289890473, 0.9288636723314359, -0.10641927684169233
51.846862835266876, 54.62524896008844, 0.0023415895000462794, 0.06539690905382427, 0.10768578087763181
-23.725391441917377, -63.24078078365521, -0.0037266980368541357, 0.11181612895156189, -0.5524755355963877
-225.90370251056754, -470.01136804885437, 0.0009129823443808331, 0.3043094050557689, 0.13814247958210799
-20.09666536732758, -38.354971341397075, -0.0006988269595028277, 0.4866720513895125, 0.31389735185155343
132.18401907798736, -90.01679243147373, 0.0008955640448879309, 1.942533240080847, 0.07246946111826122
67.03164478466437, 69.3320415805822, 0.0008066414193855041, -0.2275004361698248, 0.15096616300398108
7.943411175193319, 88.69278630423005, -0.0005043132421290297, 0.11530361736951447, -1.3756276103867942
64.55627482399944, 106.77715506632026, 0.003929218479635685, -1.3572430948413212, 0.10687091167115709
9.569833704147655, 19.096791088250576, -0.05779697325800397, 0.21624815008294285, 0.015369495841369275
331.93132483859154, 387.3949842000279, 0.004635719227663841, -0.8382900087059018, -0.019863112968443807
34.35930585204579, 31.872470324420867, 0.0008993857226993194, 0.06490263672818716, 0.004523961190069621
-13.14224256046945, -7.392272373340537, -0.0016646299062485796, 0.10101420323646561, -0.02763730004781459
-1425.1959534439163, -947.2070595315821, 0.013209510444188236, -7.560078469220025, -0.12017467401928424
8.24754773141948, 7.398742054111519, -0.0011838408948488372, 0.012302675778355466, -0.04982907822246272
37.84009025634367, -265.60765861974926, 0.002257356814610182, 0.8686365877139322, 0.7117765371483458
275.75858755780877, 265.583924708007, 0.004556495504430636, -0.5679134855625012, 0.079766943887752
-99.81369913802008, -9.56471402117073, -0.002166453166467918, 1.0049535212866867, 0.04709405351614901
-22.650206991135832, -65.26460799836158, 0.008441713061394391, -0.6252292352245201, 0.016911157884278397
90.4323985118831, -65.1948266710269, 0.013232001234233152, 0.8363824393416777, -0.015298075536450994
-10000.0, -10000.0, 0.013364249426401598, 97.97225814759425, 0.5082817870458374
-594.9596544436241, -134.58044475524582, -0.0009856442515002416, 3.4127046697072263, -0.011881377317679428
97.77920842409178, 72.24294126583374, -0.002140808438732024, 0.17188467883179973, 0.22116166664052408
28.339559863530017, 32.91523176709944, -8.709679866700067e-05, 0.1089586376105931, 0.002913403785070006
8.762361247030354, 10.240859941236828, -0.0008565456572805227, -0.03440347268971834, 0.005919700893021074
28.635749779260774, 2.350121455663216, -0.0006824878490309411, 0.1546213366046849, 0.01368282165689667
747.6164906497083, 1106.1775337886736, 0.005189680171281929, 0.9264076379326573, -0.025513592088101247
253.18713553042772, 202.50590132817916, 0.00044420013365942756, -0.37017149798064697, -0.007232148770060478
384.5472799520932, 406.29901713099565, 0.01404974307656661, -1.8258843518737051, -0.0005651979413098219
-4.930829040451374, -16.998662402580813, -0.002724718235521891, 0.07449924118353535, 0.013365668983298296
18.177194983135628, 7.30667525616404, 0.0023883683622263016, -0.017082725590019103, -0.0020955649277790566
-3.0135738669301393, -2.926715916079809, 0.00948446404763874, -0.06068623734227947, 0.0043318764963385095
154.16402078653266, 5.837093049388912, -0.02294048108830602, -3.8120945528286634, -0.021295304602853594
-188.29602089503612, -391.67653016941193, 0.0005520164984259895, -1.1643410639972158, 0.012917391401775958
85.62648486890726, 74.35255389817188, 0.001602941949176523, -0.017887477418719586, -0.0420977523745944
32.81183068612545, -5.846516430050247, -0.0041728432539542264, 0.027661796294028623, -0.0009409492094936932
198.7001986266336, -117.3663726093958, 0.002885461815245574, 2.031323787274241, 0.014823441219663764
5.2911175600266915, 3.1577755763459425, 0.0002661750163142111, 0.06636119685830205, -0.09961603639270314
-34.8787320835859, -117.55814068966049, 0.027860885205819884, 0.5256815419686451, -0.2993006131520652
-38.72544051610721, -41.96094461051898, 0.056121110782090436, -0.00023081100978650584, -0.03846643782476894
20.33912980471604, 23.866511901348005, -0.0034630229550294046, -0.008918226510969884, -0.04847020078073045
-29.21881920794421, -19.141829763494364, 0.009445472522026654, -0.29055478591554296, 0.0019736750305510207
-1090.4023796416234, -913.6293362999272, -0.06147652543450532, 3.845706943964209, -0.04419159244180246
-292.71063151191765, -363.847271855743, 0.002675791183697189, 0.4604291889907171, -0.12266305148029816
66.64919273305907, -40.92990176766136, -0.001181775595059998, 0.3962393771410192, -2.4027769430536856
-173.95289022653432, -224.99625065651546, 0.0033929367643489084, -0.07597943991713595, 0.04529065863618208
-29.768674839877413, -7.445288364545704, 0.0013852473800649919, 0.13111435603945426, 0.10963142602086727
7.108130887118577, -0.18530942986694843, 5.5020566053913295e-05, 0.04051881107093258, 0.08185997052223233
49.060708184878266, 48.21905967370464, 0.0012949279534478046, -0.10739772244801898, 0.004524148014778723
22.958061037174616, 22.84912205313849, 0.0003199709828446752, -0.030954438765841218, -0.046124656118848785
13.433862040646577, 28.441020762311066, -0.0003631938879006392, -0.2314080697860533, -0.03794515663903894
30.251906481374334, 31.71279594407287, 0.0005891845492223555, 0.16516744332186234, -0.029280739762471863
-427.1663559623592, -431.7916183461806, -0.00028766314878386556, -0.28775787435721134, 0.00016890755118093595
-13.80824106629317, -37.025220043553155, -0.0013972827526822712, 0.03848906701226126, 0.0011639601972809664
1.4250635717724158, 77.46553756404195, -0.00031346173062395827, -0.15232272563366767, 0.004773940944081843
401.4015911089966, 340.42784465952315, -0.01711919367487827, -0.16854339872492274, 0.14343437505004383
-13.914696854142843, -26.710597746992327, 0.002064067052948582, -0.08855210463755314, 0.057521676859699146
6.077662909502031, 9.890704832345847, 0.0006652641485213142, 0.0033077996390197266, 0.017119298616217207
-14.871615632267703, 43.65977274261646, 0.010352506851591031, 0.2610205235500323, 0.0009595624529425367
