290.53978946945904, 352.6065776953169, -0.0003965217814897968, 0.06023897025165195, -0.06887698874019778
-7.774405092703216, -7.520668788167284, 0.0003508819643458934, -0.022311068911390335, 0.010102067396156256
290.53978946945904, 352.6065776953169, -0.0003965217814897968, 0.06023897025165195, -0.06887698874019778
4294.445445306261, 2873.816175724574, -0.0010720020344500737, -2.991481396272147, -0.09355449780619518
10000.0, 10000.0, -0.37388109620762333, -567.0334359785708, -0.04102270138222031
-35.85111079664506, 11.607938961087891, -0.0017889662467102444, -0.2822167970662258, 0.4856735978272264
144.40594725079853, 214.25341077577713, -0.0025553658596729127, -0.0051652569074453715, 0.5024031738090471
-49.14190142447764, -51.02237165546064, -0.008234225397173755, 1.5018323390581259, 0.6421696328125849
45.09515124584381, -20.730683802004535, 0.0013552899515869212, 0.00930971321923704, -0.24182011386576283
-44.63510141781269, -50.887181743736214, -0.00034212495057956517, -0.22706679733544016, 0.22273130094900284
10.027309688208014, 12.524574385482463, 0.0014116883225136355, -0.03679038332125089, -0.03242854300351967
602.5017223375835, 458.3847020069601, -0.016158524635379035, -0.24895109453194147, 0.03737584869039271
-13.941900001176823, -10.451098856516023, -0.0034965508828158957, -0.04430305346450318, 0.006950295737284989
256.3577914987281, -225.94598463717983, 0.000489522554613305, 1.504223529984332, -0.011958632605628284
-485.7984055424574, -447.31392029793903, -0.0023447577370285795, 0.5201039974255082, -0.001288971322494195
305.88017516561007, 836.2998033194314, -0.0011436019750915873, -1.2888144779782467, 0.11107899870763256
25.876033295898374, 21.962924334846978, -0.007072748547444899, -0.037550466606558724, 0.02468135095996335
40.38526218116511, 37.982640306163695, 0.0017535558633697465, 0.5896017459213102, 0.2335364087669058
45.12341231028456, 34.40870722788964, 0.0007788496227931122, 0.10568188475957177, 0.009260152721181738
15.37486186526989, 27.770702125840685, 0.04288091969458574, -0.03182238308932983, 0.052050296149117124
247.91366497898056, 127.35978691162217, -0.0001574598085212725, 0.29336403315749465, 0.004769288120769022
41.013956784283394, 7.21904602273053, -0.0018510457047385299, -0.3321644332524101, 0.12759279755422162
7.1028400375440786, 7.058166683820247, -0.0004143676535344525, 0.09854278776163043, -0.11812394978812933
122.276283388501, 131.63932799128574, 0.0033739428750983055, 1.177419530475007, -0.020381834213995483
26.083277827259405, 26.224729379364003, -0.050835059270156795, 0.02488711736404741, -0.02758066707495042
-51.005571362345435, -64.25607135756691, 0.00035803707763625155, 0.08292069275454989, 0.008676086502649342
-2.827368105887082, 8.81111017340621, -0.00021954579559030663, 0.049209002783301835, -0.8749143721372519
-14.924260846090498, -53.06769809448672, 0.0038191488154264938, -0.2829203008631702, -0.07449021800899998
36.8839393626334, -1.8715444469590246, -0.0008036903837039803, 0.7194363419333158, -1.3725463095295474
153.92866931550466, 138.5236339929299, 0.0009701634401710961, -0.12664493917032027, 0.018814521202380387
-133.7870216625285, -94.1194442937538, 0.0010072057281722028, 0.15403979140252277, -0.0031355642995428913
-20.55600279177033, -25.890132233526415, -0.007377221165275048, -0.1338113329694457, -0.010013571903013658
20.542303243067202, 18.498682574141345, 0.0026257352624096926, 0.06870765213642904, 0.004333420888161234
-12.705771886995253, -4.913085153109062, -0.001240527899339331, 0.22419994208320482, -0.010916319971008505
-690.3852373974048, -319.13952016106975, 0.0009010673849505925, -1.4932553151649341, -0.013289005973345529
3542.3881966076415, 4398.47726436664, 0.01725721541607251, -42.21627961514259, -1.3472302919803236
42.81168636924388, 42.01734448869865, 7.59616149690869e-05, -0.05842070302529066, 0.0796311793002879
36.34186212233074, 44.21264245134755, 0.0002754357672826598, 0.01753684697386866, 0.005783551992599381
-10000.0, -10000.0, -0.009525508362760279, -103.99470694554378, 0.009291962859957623
-33.01055607817473, -60.897921418636464, -0.025911070071365935, -0.30564418917328207, -0.019265441509447107
157.20147093281483, 210.38425364347685, -0.001971689756084485, -0.2420249525660393, 0.025037809752854984
42.09369138399705, 53.40556789896179, -0.0015884723035510366, 0.0279336102962027, -0.0045475116676317005
-449.8006674365267, -403.08756616058315, -0.000358258057795901, -0.3223109226058344, 0.02306236273870409
6.13917601750646, 5.966476081941023, 6.0215416172206945e-05, 0.03917214701064321, 0.013439163649207608
11.0050403345494, 5.609107072888872, -0.0037992002748763716, 0.07235584207782639, -0.01890032197336483
-2343.846155805648, -2113.8186881337865, -0.0011862356854965784, -3.9789455134247986, 0.02770308866502972
-11.231720817378905, -11.688088676580827, -0.0009665606007367283, 0.019970213550348462, -0.017876142126409228
0.06205205936694913, 19.77384041629168, -0.002729882884491629, -0.07072029622421128, -0.05003303367645023
-8048.0716804555395, -8652.170935162247, -9.083318122495878e-05, 5.243003186684618, 0.003987716812941447
6.316043295815663, 9.60341492969242, -0.003784283398185397, 0.054700872468549, 0.35511020164256474
1.3257504287739987, 23.7737990890302, 0.0013300216953306312, 0.4507383941057055, -0.0424557135140137
14.775539822971371, 13.069793137065288, 0.00032389254692492434, -0.15326155732692845, 0.06751375612090127
76.48312184879201, 60.28162273301302, 0.0005286580362177273, 0.6862860569963685, -0.17608796998721632
-71.61504041065287, -45.98777411679137, 0.00341102524478157, -0.04596300784921909, -0.05457688801885384
44.366566937754506, 56.41112869395584, 0.0010067036672019773, -0.18022204837091677, -0.05497990361800586
-62.865185663286915, -92.13681049249405, 0.003883816746476553, -0.5847195528651441, 0.02674409177674378
-120.11742957554267, -130.44199013891733, -0.0004656881673812051, 0.07396780697571403, 0.034317305411395896
981.2899205590219, 658.53316864942, 0.01104781821369442, -3.0847773968292023, -0.003542004714090886
108.43976975286579, 90.47311392862834, -0.0016385520891284326, -1.0147325754110847, -0.07885292443936154
64.24483073153222, 59.41998108469295, 0.0056089658923181695, 0.10001096896364535, 0.10921697867005632
-1376.4390487879064, -1402.4691231031277, -0.00032899212231927446, -3.440924886559549, -0.3135738385347909
-6.154565894405181, -35.56998668785452, -0.0018993058998561922, 0.028398322645915963, -0.0011028896762901828
3.8409420849735216, 17.78496445988247, -0.0004098539884885175, -0.03685001383616867, 0.12543851494674
-13.575334954306554, 14.067154061101096, 0.008584540344870384, -0.5745986818003193, -0.0026136158235305906
-10000.0, -10000.0, 0.002560890378336673, -68.55133397325471, -0.013785866692632067
-10000.0, -9479.088974112366, -0.003991149714878307, -26.82540280394614, 1.7602094519987193
-10000.0, -10000.0, 0.0012633150624448083, 71.87181550159701, -1.271742992260259
331.03483732929004, 234.1160010417555, -0.02055679253418608, 0.2618439734149036, 0.16108958142379642
114.10543238036757, 143.71368296902682, -0.00073881103242516, 0.251353543658814, 0.16766477277728323
182.68917632154805, 158.15512476253656, 0.001462884902490833, -0.1683704653841629, -0.005807525183495303
-17.03147920283278, -4.1393076440167835, -0.00016598783837483674, -0.013885955562852274, -0.24807903027487907
-253.22259139787008, -247.069815866927, -0.0015773839458681576, 0.6235285453194155, 0.06244024927994526
1231.513216159944, 1632.781451738314, 0.0005562325044385694, -8.726393415572655, -0.04693551863519692
4.059760290291221, 6.122001665590582, 0.006996669248463774, 0.23920322587215487, 0.14049297195494934
-54.126521758922635, -76.81792957833972, -0.0006429166949843269, 0.8006853781169123, 0.06260929160832902
4125.870018075455, 4710.32716924389, 0.05813771598385877, 10.716009228626348, -0.0801611743024261
-4.990385788493243, 0.905314845257049, -0.0036794571630173172, 0.1695578815884938, -0.010873915413484602
57.07705458604063, 115.11072221061906, -0.0004545873000514155, 0.5681766348752083, -0.0731589366372474
-327.7388306325429, -308.81967529761033, 0.0011188057581571573, -1.6972114202081068, -0.052953190679949795
265.1249030242789, 255.5290647680912, -0.0005314708519026499, 0.6600208217881524, -0.14161183023583115
-43.200796332199786, -44.60434468168563, -0.0006911621110338874, -0.0032754195776536613, 0.06741460956505282
-249.13979971609152, -110.47966802424213, -0.002073580156362162, 0.554911694349032, 0.4275291901170368
-64.09423498334523, -63.6473764571297, 0.00032535556104180356, 0.156402075999787, 0.005184089632552989
3239.320939800058, 1639.3910295243018, 0.0022819743839072315, -32.58204387410104, -0.0066933334885182875
34.32303093354458, 16.490729755701537, -0.002335690553253638, 0.2570659185186198, 0.006899208092782765
-260.40768764965696, -691.1921016507423, -0.0026322992721338565, 7.470494877144885, 0.11182453877253054
-208.24939623189516, -220.70159025836028, -0.0004363626491442512, -0.05128684865369816, 0.046209653718539564
245.08203773634037, 100.80647940322541, -0.002766395405198115, 1.4209697578649236, -0.049183509291013054
-8033.108762475285, -7091.3547497677455, -0.010125570623887126, 13.320145329362969, -0.014583854416618636
18.903607009592488, 58.03611430143874, 0.0013363883295684827, 0.998774135679562, 0.3097815011468734
-0.5756422102828012, -23.753154570590027, 0.0009440818089209396, 0.013353800340422845, -0.03218671202253195
-112.55199904338241, -97.95846045993956, -0.0004411470396313691, -0.0639766246640914, 0.020777002533277713
-42.24116103675572, -58.1954651253376, 0.00034360477357889865, -0.09852241736016422, 0.8998019783978307
0.8462976408372178, -7.572553928389414, 0.0004366702071093288, -0.10961734705836179, 0.5020909167953994
34.054098635346136, 67.9647415035588, 0.00016938874920825677, -0.004418070266562192, -0.12202245851094122
74.64138120392573, 88.0119684883554, -0.0005840271480571405, 0.17037263889587284, -0.0030794222615472067
73.38943373657875, 73.01427595819648, -0.018700285401657864, 0.043718593485215854, 0.0022031405144357754
642.2506459759711, 823.0922417299298, 6.66504206908067e-05, -3.661591366824813, -0.14934356256939604
537.0401035374289, 1901.4875433525203, -0.001363226300727139, 1.5698114918918744, 0.12057545167854034
71.00246684453413, 68.12847523714669, -7.96299719286489e-05, -0.041723099570301354, 0.04262699480513627
7.312832126398025, 16.490120635650804, 0.003519633961868166, 0.030780827373982904, -0.010182213384628254
-1230.7872246314253, -1243.0487373560386, -0.0007126483436824015, 0.5392933745053803, 0.06300694802776781
