0.5525495262889134
0.5731722534387889
0.5808264477806903
0.5781421905787765
0.5598257487530529
0.5740407477321054
0.5707125328704199
0.5744644277694142
0.5814517256837708
0.5678186955286779
0.5761894596096298
0.5516436745903476
0.5678713344020554
0.5577384596826531
0.5515245409686292
0.5627345219889359
0.5569243992459384
0.5533903536630864
0.5696095136363895
0.5534660126739677
0.5475592121657825
0.5634985096568409
0.554379685174848
0.5598543253404777
0.5668573769505829
0.5629277406246018
0.55472476917745
0.5640399206702522
0.5619348118110133
0.5687258487846933
0.549488363087597
0.5527271062753629
0.5521661347546255
0.5573960551337829
0.5461882139999806
0.5500066464026651
0.5567667089242064
0.5634341140967697
0.5556609342046768
0.5497052857715945
0.5632518907131747
0.5472652114501244
0.5450631525938043
0.5465197923907953
0.5519633360512521
0.5380707355007373
0.5417279427853192
0.5357970150247764
0.5493840001079553
0.5316621129424075
0.5310367369788817
0.5268018962443584
0.5346504183191921
0.5270900558757686
0.5228796914076579
0.5347945170410624
0.5254500365861581
0.5266978705671229
0.5344488705628649
0.5236288110314258
0.5278111711028635
0.5224710023803174
0.5269941998546701
0.5214824676072365
0.5489190098553034
0.5359894094628591
0.536734437172549
0.5475630862326505
0.5293433768133544
0.53813335357619
0.5357812794326517
0.5412010759492614
0.5511345806309007
0.5470797921032646
0.5357718998551527
0.5376141573428224
0.5427136158546568
0.535962192381501
0.5511261003877399
0.5285361895633196
0.5335509599620676
0.5354177575056032
0.5333260993449468
0.5307911878219781
0.5427424032596416
0.544218587007524
0.538322476336411
0.5363698523081759
0.5448770239314424
0.5465680679830387
0.5508316354741134
0.5215776612151601
0.5487724351089842
0.544905053752035
0.5535658581164171
0.5447892098373937
0.5498873911592824
0.5556255416711341
0.5483792226800512
0.5393742497870129
