0.5851996081753905
0.5784730509397114
0.5851996081753905
0.5714312254983986
0.5799180655359275
0.574841805056317
0.5709686438453849
0.5857668051201715
0.5650476594739076
0.5700641348204365
0.569147110687481
0.5829792359079946
0.5820248168562129
0.5688965860460606
0.5668626310173541
0.555926649042416
0.5799759406374703
0.5838460221531917
0.5786203757509936
0.5631532280735829
0.576028553374305
0.5692627125815252
0.5854271948029108
0.5724057805874465
0.5875590033395746
0.5616760675706705
0.5712555229240303
0.575019015373363
0.575594867744804
0.5789889332022162
0.5792608840493221
0.5815309600936938
0.5680331227876985
0.5704551947262005
0.5683864579461837
0.5788379098191989
0.5785413198802105
0.5695055858165217
0.5664190093676362
0.5786273710918974
0.5735798800783879
0.5732863666267058
0.5754323005271725
0.5787413735871918
0.5627405921390698
0.5787875911710869
0.5642850832043766
0.5601765113342059
0.5674774734040003
0.5656602319698978
0.5583239221506533
0.5581033227107322
0.5801340498458318
0.5666285757038662
0.5778642596856329
0.5611288173512421
0.5625699760004343
0.5751477811867522
0.567172509098104
0.5590516485442429
0.5716698738032313
0.5699217144978125
0.5770123994994323
0.5555374527779513
0.5706296576261356
0.5730291610062416
0.5828588583551388
0.5647630857314054
0.5579943718295234
0.5755795872351195
0.5685894253852046
0.5722010969925315
0.5740299251733054
0.5582076229210875
0.5631597265970887
0.5600651463731704
0.5722424162182036
0.568238656016518
0.5641258895604151
0.5737239159979766
0.583541249273933
0.5596706685946912
0.576703103925172
0.5613617123954913
0.5656276178108828
0.5844516190619344
0.5618700993876671
0.5739915913258219
0.5719820738938588
0.5685674910010232
0.5603847407670846
0.5723812388397128
0.575678220299041
0.572400994145846
0.5753817920384766
0.5639684361079773
0.55702632888735
0.5677736050454922
0.5665085728744723
0.5736898642276093
0.5730664876159153
0.5684203548514131
