0.5319463791102793
0.517936547306755
0.5315516531312692
0.5321234835248141
0.5386353923046004
0.507693420991761
0.5342468053595812
0.5178282238470926
0.5266946356210638
0.5298998274744567
0.5163039975600998
0.5269098823924812
0.5325769783703744
0.5193125202463086
0.5249189578010626
0.5207088235722662
0.516468853439174
0.5315428822765085
0.5173203979558298
0.5115027205470475
0.5331118682832572
0.5273480016263277
0.5167693402449112
0.53975864793287
0.5242768773622875
0.5369421091570039
0.5089991366161235
0.5124037132714299
0.5205113095535521
0.5216293849540654
0.5212304582172642
0.5171068502873808
0.5294139580780244
0.518717883664216
0.5340045221433543
0.5058091688457327
0.5076786229362329
0.53295787013665
0.5292976161086178
0.5317906921643194
0.524557137385668
0.5175055189527907
0.5371884340772304
0.5054498309370674
0.5248142604103025
0.530031900164966
0.5219774249323956
0.5343045458092435
0.5499712508303954
0.5326236335589649
0.5054428923668118
0.5139078342791634
0.5093179755520422
0.5314939866300249
0.5275974824930034
0.5226927283580249
0.5194701914305364
0.5053444980192527
0.5254977003995571
0.5148239582467666
0.5169246363748985
0.522105478779304
0.5063274355963989
0.5258745556897527
0.5138719125359782
0.5135053315942688
0.5217467954536963
0.525227229956559
0.5145917912227184
0.5130133250093201
0.5291427462835825
0.5073661117366179
0.5168243972699474
0.5250857206254607
0.5172368286616701
0.5155752716543498
0.5183295780585052
0.5159154361600988
0.5163997413229345
0.5149227080691983
0.5053922516491184
0.5151404762167286
0.5135451533414385
0.5334623792581801
0.5109766697622256
0.5293824860969543
0.5090027046389811
0.5205193403201391
0.5296157252693136
0.5252887422583572
0.513858689684988
0.5138554466788257
0.5101982522617632
0.5408962319218917
0.5210224646164835
0.5322652273094828
0.5007849606612447
0.5223464742534019
0.5217271525245184
0.5169987761458887
