-0.7061742170125609, 2.4383159162888237, 1.8075205008291362, 16.68619428532456, 8.041546222713732
-0.6561742170146374, 2.3883159162993084, 1.8575200757579273, 16.636194285631024, 7.9915462230451615
-0.6213552788786408, 2.322767641982034, 1.9043655631485286, 16.5892668820711, 7.946689478518378
-0.6260804418597615, 2.2636956915156, 1.95106890561129, 16.5871558516304, 7.905494940615766
-0.6213272552246677, 2.218182522880601, 1.909668581383196, 16.570863913853156, 7.86719799215097
-0.6184782457422312, 2.175284889800686, 1.8548241688618239, 16.553983248739247, 7.8319314858797755
-0.6183142434096419, 2.1343971160929676, 1.8122954258916888, 16.537074900499125, 7.799969509502095
-0.5955062830831687, 2.133596734975339, 1.7754101878937605, 16.523530848463036, 7.77096829038087
-0.577765471509947, 2.1307622765997416, 1.7436203899224016, 16.51261623660669, 7.743997115920141
-0.5629609789904769, 2.1262971409462863, 1.7343006458341976, 16.505217293289366, 7.71718330702218
-0.5489102709822833, 2.124062687695044, 1.7726595536336, 16.4987518049661, 7.6883747276123335
-0.531310835564886, 2.125185296568403, 1.832019718907707, 16.49381669282663, 7.662927206686489
-0.5395244115026158, 2.107018369775145, 1.862111973335012, 16.48980153698979, 7.641657341787073
-0.5386892736134472, 2.091946700756357, 1.8868093336008025, 16.48830174294149, 7.622503611044135
-0.5314053117096559, 2.08369250360734, 1.9125857018489367, 16.492150325793713, 7.603104371165868
-0.5204590056122897, 2.0792648656287094, 1.9474957288894028, 16.494786836208387, 7.5830470056171935
-0.5145487685061212, 2.072372594093223, 1.9798488322640897, 16.500928001859823, 7.563569766937938
-0.507200734275869, 2.0665025999443194, 2.01736273870057, 16.506041524992366, 7.541476378516283
-0.4684421387247921, 2.088675091624295, 2.05575333501997, 16.483304477587755, 7.520874285745904
-0.4074679037392318, 2.140540757689652, 2.089818759422282, 16.4488609942309, 7.502716717214463
-0.362609327183261, 2.1875445216837837, 2.1212794482905153, 16.436271615717864, 7.483945070275306
-0.3224456773633901, 2.2317126337454276, 2.1488155976552674, 16.430520868650742, 7.467099182513054
-0.2840720846577217, 2.273401116010597, 2.173949468901769, 16.427287107899044, 7.452843713369498
-0.24895741261048954, 2.3110830490485847, 2.1970240864439003, 16.427344092808156, 7.445050576179473
-0.2382044031568425, 2.3227280535189303, 2.215969053263719, 16.44514022859472, 7.423394669638953
-0.2514985150513492, 2.311444440303218, 2.2245503857076456, 16.478947334051593, 7.403616364092054
-0.2634574664116651, 2.3014532594076824, 2.2311826507680186, 16.50794108620169, 7.385434652447444
-0.22942765502667284, 2.335953087794497, 2.281510083416227, 16.564223762786266, 7.370501173310668
-0.21573140752052464, 2.3438808807525118, 2.3275550335288457, 16.601473411426962, 7.359706546979251
-0.20328426488464726, 2.35178325101372, 2.368787080681721, 16.635634180510177, 7.348839175005871
-0.15204909826191926, 2.311256451229488, 2.4047661197638837, 16.585748966248456, 7.339459968709614
-0.10595527207541793, 2.2746769398501874, 2.4371376406264424, 16.54082854453983, 7.337732751204754
-0.06433672142060701, 2.2418857971024666, 2.4663854619719934, 16.500377834409566, 7.339344423971123
-0.026781766511833276, 2.2124664783182375, 2.4926616852093275, 16.463957314084627, 7.343720729895641
0.032372138838183045, 2.2427984534914756, 2.5413327979505116, 16.430961281144686, 7.350793842810183
0.08592491180293368, 2.2695676286031854, 2.584750362050477, 16.40125283943413, 7.356875356394936
0.1341206520804817, 2.29374063866092, 2.624302984395897, 16.374489423699558, 7.361703948444915
0.1776242468563854, 2.3156271829434907, 2.6600505500004346, 16.350395407291295, 7.350349546723691
0.21679717926736874, 2.3353257557444738, 2.6922703473455125, 16.328699830594473, 7.3403976391901
0.2520441713334986, 2.3530231684330767, 2.7213900499332264, 16.309163452137152, 7.3316046261529015
0.283795338162469, 2.3688611813326323, 2.7475906638129857, 16.291569986129293, 7.325318991857039
0.3122984807452237, 2.38299869462521, 2.7712527808422927, 16.27575642567753, 7.322872445232745
0.3377784481466723, 2.395781807553708, 2.792769384993199, 16.261496642610542, 7.323805339619163
0.3605393995047725, 2.4069688985698163, 2.811790882964057, 16.248654975035752, 7.32147961777524
0.38111795924232417, 2.4174164191925747, 2.8294792195807177, 16.237089225906516, 7.334934562607173
0.4004407659262048, 2.42958888298686, 2.8452690003636003, 16.22666813074836, 7.3431612720501755
0.4179107517164776, 2.4407764027481345, 2.8595922793907116, 16.217273711790195, 7.341830339927457
0.43317519218647726, 2.451382472114483, 2.8723544975412167, 16.20877161536249, 7.338641591777148
0.4466836172178455, 2.460521800919452, 2.883724428359856, 16.20112092560401, 7.331644137379626
0.4588192660067313, 2.4682253810798715, 2.8940386487567253, 16.194229310942834, 7.356718916732406
0.4695189100828181, 2.4745286295832973, 2.9027316913820607, 16.18805376871871, 7.376935352960305
0.47911962125391444, 2.480091130853924, 2.919050116135879, 16.182488215264282, 7.394802517143261
0.48659011514805367, 2.4827985765383804, 2.933051973417369, 16.177495267209803, 7.411325255512127
0.49319551639841536, 2.485047483412667, 2.9455258399350295, 16.172997928069012, 7.42610404154543
0.4991898029389918, 2.4871163679039645, 2.957006054900366, 16.168946059272034, 7.440016237333114
0.50957483189686, 2.4945547474671983, 2.965365927411935, 16.16546517073311, 7.455157147719708
0.5188969988604046, 2.5012089728615474, 2.973070122153721, 16.162330530600922, 7.469878749013584
0.5271578407122789, 2.508765315922833, 2.979670322273329, 16.15948866717133, 7.467645863571715
0.5336233613139972, 2.5139987215132606, 2.9849326374488654, 16.15694231921453, 7.463968049949503
0.5397969283356822, 2.5187676153803533, 2.989994599330751, 16.154627136368845, 7.459671727833516
0.5454357907778951, 2.523447177334378, 2.9932900084651273, 16.15255632454168, 7.4554492257011065
0.550194127781074, 2.528046071925398, 2.9942787467382965, 16.150673064166654, 7.451967514216143
0.5825321999393205, 2.5688998683607065, 2.993172892027847, 16.146801416355682, 7.438485335595307
0.613349467387688, 2.6061987961684223, 2.9923243715222636, 16.143239307144896, 7.426589042772293
0.6408163585827985, 2.639508035902074, 2.991880298984429, 16.140027980684074, 7.411402813634746
0.6654670985242689, 2.669375407130942, 2.991493457616607, 16.137133915405823, 7.397668831588435
0.6876385587322539, 2.696230308332542, 2.9912732732208682, 16.134528719510936, 7.385181047066894
0.7075200942921619, 2.720402818222264, 2.991177164896014, 16.13217942486704, 7.373656657808194
0.7232466119818012, 2.7378706227820913, 2.9903135363081095, 16.13004335022912, 7.363802296754957
0.7366745518685043, 2.752824672116726, 2.9894693349722807, 16.128128177191467, 7.355077074250787
0.747651466298579, 2.764732706149189, 2.986605811768985, 16.12644440326094, 7.347232024931803
0.7575498887889625, 2.775520207625873, 2.9844356711057216, 16.124926585211764, 7.3398940791190785
0.7664103394484738, 2.7852058975862777, 2.9821236075801605, 16.12356024701087, 7.333329602937189
0.7743974570282017, 2.7939385683677544, 2.978620720382071, 16.122331283533974, 7.327329742322102
0.7811427847993665, 2.801779578828699, 2.978906632218722, 16.12130989982875, 7.322364529570623
0.7877617153382589, 2.8103349699653037, 2.979081440346469, 16.120416241372382, 7.317628363446033
0.7934734947646831, 2.8177540218593373, 2.9789987550601005, 16.11961194666293, 7.314229239630595
0.798521515464137, 2.8244568932899563, 2.979549581442136, 16.118887099796595, 7.311187839639943
0.8024902890048188, 2.830941814620881, 2.9796129860553213, 16.118188901801503, 7.308144406332025
0.8060486154443467, 2.8367690623951862, 2.9796301556575098, 16.11755872168494, 7.307454224884658
0.8093539871158691, 2.842466725849344, 2.975479210137401, 16.116979486674445, 7.312947587207098
0.8124428108007116, 2.847758124287149, 2.9635124345046817, 16.116457919492433, 7.318679059287326
0.8151650208282528, 2.8524311602875607, 2.9532487085639487, 16.115988474350846, 7.324829139256152
0.8177012058200607, 2.85671249387869, 2.9426158689107393, 16.11557228819285, 7.330326639142907
0.8231466362740668, 2.8640594749292596, 2.9421299500933458, 16.115111115929103, 7.336179591739794
0.8288995410624685, 2.872067025715795, 2.9413033641077977, 16.11468550161928, 7.343949314180763
0.8338860073651521, 2.8794343434891143, 2.94073098110914, 16.114293344168125, 7.38397839241894
0.8388816223224358, 2.8869303418463113, 2.9397218122870785, 16.113941935776424, 7.419358728416607
0.8434665163027856, 2.893708689322075, 2.9386114118815136, 16.11362255776665, 7.4496013441195545
0.8475742972714094, 2.8998129661518566, 2.9376035360987727, 16.113334060941206, 7.4756311052974
0.8511302742831923, 2.9051242823146852, 2.936507262810503, 16.11307670449356, 7.4990035460556275
0.8542653667880369, 2.9098190275960816, 2.9354734640281848, 16.11284566581843, 7.5207209874013685
0.8570492036419185, 2.9139370310057893, 2.934595569070902, 16.112642847847958, 7.540829677253237
0.8594676835125308, 2.9175230636315868, 2.9337190661497754, 16.112456492071217, 7.559363908098287
0.8628907017215919, 2.922411542312804, 2.932971830268244, 16.112295186659008, 7.5760505922237265
0.8660132551138754, 2.9269558732682084, 2.932503150856686, 16.11214906947614, 7.591059090231887
0.868820798527256, 2.9307494224648485, 2.932126952816657, 16.112020941701577, 7.604503595253308
0.8701758994004636, 2.932852946718226, 2.9342893669635837, 16.111909381095842, 7.6145000026559355
0.8714367569906507, 2.9348499925497804, 2.9359348178741596, 16.11181093017252, 7.6226579162023995
0.8725543295279877, 2.9366100991985884, 2.9373191861081303, 16.111722205115107, 7.629752882706668
