0.613349467387688, 2.6061987961684223, 2.9923243715222636, 16.143239307144896, 7.426589042772293
0.6233494673856057, 2.616198796164523, 3.00232411543004, 16.153239306834635, 7.4365890399442
0.6184114300624262, 2.6092663420533997, 3.0124932649616154, 16.147927057948884, 7.429658653365473
0.617423739942805, 2.6076505288142005, 3.0195304513537278, 16.138336016669843, 7.43150769962953
0.6274081012182597, 2.6176256757768233, 3.011795645906446, 16.147764653485275, 7.421540895021162
0.6381952701637015, 2.628715068144364, 3.0050598453869695, 16.1562389272434, 7.412637814196147
0.6478391978229028, 2.638621895969289, 2.998522275606544, 16.16389118347787, 7.404636962581533
0.6568019450529174, 2.6475905584928596, 2.9930150067920986, 16.170447133812775, 7.3972667242683405
0.6649309769675398, 2.655744860921397, 2.9882334772200183, 16.176286025584623, 7.390652074219648
0.672223781612437, 2.6630192876060206, 2.9861711677440255, 16.181496094241567, 7.385195888890906
0.6789025959834089, 2.6697218386058603, 2.984398268992542, 16.186387397087028, 7.380316096741248
0.6849423355620953, 2.6757800726069294, 2.9826568925488526, 16.190947615346648, 7.375771012713788
0.6902869848142122, 2.6811070270981827, 2.9809362320340647, 16.195332918348367, 7.371667313792742
0.6951222805670066, 2.6859357522988416, 2.979344864481034, 16.199318737573364, 7.367800105903655
0.6980112003780207, 2.688376455587407, 2.977954798524878, 16.200750612656613, 7.364305676204136
0.6914301783457097, 2.681024295699885, 2.9764424326557832, 16.2108307774314, 7.361096212594288
0.6851904459168945, 2.674157412989473, 2.9751290941960153, 16.219970938339177, 7.3582260859137865
0.6794279216527467, 2.6678335736911136, 2.9741143724600603, 16.22821400728167, 7.355692380905456
0.6741234892550768, 2.6620842826865116, 2.9732747469415135, 16.235631455988422, 7.353727666171935
0.6691319182692492, 2.6566707950179422, 2.973435286886848, 16.242389977685495, 7.351974351467246
0.6646399642958359, 2.651800275195204, 2.9731972502960664, 16.248481043733534, 7.350342564939095
0.6605933142598082, 2.6474265746129255, 2.972452027631392, 16.253955359054405, 7.348916216574678
0.6569467621442662, 2.6434917801461806, 2.9726132653735333, 16.258881635523466, 7.3475874904875305
0.6537159241450172, 2.639976946196421, 2.971642725536778, 16.26328407763475, 7.346350637010051
0.6507947003884091, 2.636792063069682, 2.9709182028698877, 16.26725042087811, 7.345164264556635
0.6481688652586933, 2.6339078700133585, 2.970043826073615, 16.270781175568146, 7.344088669531807
0.6454961004243048, 2.6309472532449316, 2.969177790302529, 16.27390074087434, 7.343132650209247
0.6430764330664849, 2.628271747030528, 2.968283648380851, 16.27671512116728, 7.342229494436375
0.6408445703676814, 2.6258480657316103, 2.9676450668149905, 16.279239758727673, 7.341113057616233
0.6424955222901871, 2.62655427606976, 2.966464169899229, 16.278516125171485, 7.34008862826617
0.6452485707458772, 2.6283372166545855, 2.972354955087409, 16.278987635479318, 7.339448185253974
0.6474980262443458, 2.6297334203008798, 2.977667373933512, 16.279441055781806, 7.33883991234078
0.6499444333662444, 2.631316770738615, 2.978598468155341, 16.279820455388204, 7.3383136193019896
0.6535869729326601, 2.634092040975674, 2.9805426653039344, 16.28029068678188, 7.335251164630399
0.6568754362990351, 2.6365742001547763, 2.983866282233174, 16.280644871852374, 7.33242373169873
0.659837828245064, 2.6388112019225454, 2.987258241527414, 16.280965824568195, 7.3297970709150295
0.6624794981502061, 2.640805178082784, 2.990908613596887, 16.281260234974614, 7.327438134976682
0.6648653205536875, 2.6425907719905553, 2.9942105578592324, 16.281548969993626, 7.325291523031676
0.6674399294972674, 2.6447705637984846, 2.9972315123525783, 16.28179430965275, 7.323349202985783
0.6697971193034576, 2.646768865020002, 2.9979927954821113, 16.282017873860823, 7.321626128350803
0.6699572742248597, 2.6465837895067295, 2.999772547842681, 16.28145822566123, 7.320046410085537
0.6701114929299085, 2.646429996972789, 3.0013775062427768, 16.280965356774047, 7.318650791633783
0.6702122714992342, 2.6462363049280224, 3.0080214163216072, 16.280590806162213, 7.3173755936691665
0.6703083998320342, 2.646067745502865, 3.013960260021809, 16.28025897504321, 7.316223450134468
0.6705308905037338, 2.646016969501401, 3.0195193968100646, 16.27979792622689, 7.315182523571575
0.670710075155941, 2.645901478615428, 3.024598232810439, 16.279394641209787, 7.314116622460602
0.6705464761269254, 2.6456451022174874, 3.0287657343903875, 16.27908176563095, 7.313141474245018
0.6703985867097869, 2.6454155825969132, 3.0325475170594367, 16.27880486607544, 7.312263765122873
0.670388242687455, 2.6453296988788892, 3.035821028557711, 16.27865271561147, 7.311456998035406
0.6708411866487288, 2.645615356271509, 3.038583140984644, 16.27803040747078, 7.31072765098576
0.671198907539493, 2.6457636847485317, 3.0408942789535702, 16.277586972469535, 7.3100522995126385
0.671548715305771, 2.6459200363080666, 3.043336345411204, 16.277197858741648, 7.309451459644818
0.6719041238938728, 2.6461003118143065, 3.045588402974078, 16.27683476715483, 7.308913003251228
0.6721990858586325, 2.6462331409620408, 3.0475968869458074, 16.276515342940698, 7.308480893466268
0.6723725159818711, 2.646212790470724, 3.0494226412256302, 16.276237454231442, 7.3081697635927325
0.672653782496884, 2.6463663503751707, 3.0508779326825928, 16.275989626675106, 7.3078388011751105
0.6738709711502393, 2.6475867244947255, 3.0494765077513817, 16.27532888441191, 7.307571268732151
0.6749618727001299, 2.6486754380411885, 3.0479520306747223, 16.2747342802082, 7.307291452642451
0.6760250820483256, 2.649696903375556, 3.04709432109303, 16.274205266989185, 7.307371457494675
0.6771799711869049, 2.650460376083076, 3.046938651775761, 16.27317315567119, 7.3075195421519075
0.6782174148102686, 2.651155621214807, 3.046134924400578, 16.272245258430864, 7.307758215089858
0.6790957748539123, 2.6517320517325165, 3.0454132238594442, 16.271334600593143, 7.307961137890683
0.6796790086442935, 2.6520730441550016, 3.043147552915707, 16.270458121065726, 7.3082072886613885
0.6802160781008514, 2.652380363748238, 3.0420548406101044, 16.26967500831848, 7.308427628742067
0.6809802637766765, 2.652679577286918, 3.0412459976810333, 16.268998978748026, 7.308650650220003
0.6816447192091053, 2.652891614830798, 3.0406982727794394, 16.268698369716226, 7.308593466477122
0.6822544481709156, 2.65310837348042, 3.0398706819751573, 16.268421815268503, 7.3085380306174175
0.682925777353377, 2.653392310760459, 3.0388765807194598, 16.268177435873863, 7.308532642741404
0.6834868497664153, 2.6536035137382483, 3.038008731731765, 16.26792265759128, 7.308577818933686
0.684010703236386, 2.653825305686967, 3.037174574942427, 16.267682010566958, 7.308396074106544
0.68450039417849, 2.6540379518897055, 3.036147998393599, 16.267456532703868, 7.3082832923488485
0.6849345484059342, 2.6542007628561426, 3.0350534370378663, 16.26724246304145, 7.3082421175495424
0.6854829349966296, 2.654227323582722, 3.033979416336568, 16.2673420119259, 7.308193992810969
0.6859545626303402, 2.6542231622595103, 3.03312599044616, 16.26743702439661, 7.308150133830622
0.6863731851739459, 2.6542102910346785, 3.032550948041425, 16.267528413361735, 7.308081413950451
0.6870919648386506, 2.654439636735861, 3.0325966877857042, 16.26882148067835, 7.3118475529643865
0.6876657156094724, 2.6546392052497483, 3.028054901118316, 16.2700165356975, 7.315290396312288
0.6881719754149547, 2.654780001135835, 3.02374179510197, 16.271118698015275, 7.318401339930387
0.6886200898904614, 2.6548966594637564, 3.0199271885714105, 16.27210326503941, 7.3211916533585715
0.6888650266800161, 2.6549840738617436, 3.026680920622479, 16.27304864850623, 7.3236963348801964
0.6890538185718814, 2.655070053057038, 3.032596865588718, 16.273834457739238, 7.3259564246725954
0.6889794319487301, 2.6549106205471054, 3.0400065621308436, 16.274503303510254, 7.3278472310156815
0.6889048984266442, 2.6547455447235957, 3.04860362579028, 16.27507999758178, 7.329342797392741
0.6907265396785125, 2.65678377556444, 3.056427972442447, 16.276036554853718, 7.331066768948111
0.6920930740234384, 2.6587839171834595, 3.064919209510227, 16.276920752648003, 7.333093346809948
0.6933014310886267, 2.6605576550368886, 3.0725485475006655, 16.277743237627323, 7.334909975034105
0.6955326724284198, 2.6633696702855834, 3.079533257632906, 16.279289347340264, 7.336555737872621
0.6976379560747911, 2.6660376312891354, 3.085807799066386, 16.280717945454445, 7.338032077082838
0.6996374419551176, 2.6685616122627165, 3.09242422408193, 16.28186588156924, 7.339367085635652
0.7014003626706986, 2.6708051443105263, 3.0972768267347335, 16.282885451773744, 7.340887290508206
0.7031993125953153, 2.6729908691197957, 3.1081215977068153, 16.283722800482476, 7.342281711754743
0.7049444173887565, 2.67513691740051, 3.1178128449345754, 16.284505448968797, 7.343565425392956
0.7064743599580603, 2.6770304756423164, 3.126349600506541, 16.28520963424966, 7.344693617160345
0.7077829990269119, 2.678705605076477, 3.133789157884682, 16.285779787294615, 7.345680763816015
0.7085698615239749, 2.679882757448429, 3.140487176254234, 16.286689557148488, 7.344604701729496
0.7092175745540874, 2.6808866584189306, 3.146506122364676, 16.28754738792909, 7.343632864659299
0.7099292416818862, 2.6819083264275143, 3.151918429748669, 16.28813467759338, 7.342748626280442
0.7105187431701394, 2.682775622464383, 3.1567033459655938, 16.28869991567413, 7.3418958485338335
0.7109772955241477, 2.6835542498124396, 3.1610939328788747, 16.28927667971512, 7.3410243623994065
0.7114265171079871, 2.6842910612498696, 3.1650790582460107, 16.289823583741484, 7.3402555335607556
