0.5729474348137963
0.6622276981473714
0.6606783688224761
0.6606233520375999
0.6639177350901272
0.6486181591528472
0.6605854726713082
0.6670329477200836
0.6665451698602703
0.6626803724670391
0.6674050226373791
0.65148848827956
0.6797373814330144
0.6781341906336853
0.6582150951144985
0.6649161806249162
0.6704113622600076
0.6778998609924254
0.6637783010461848
0.6587872969669122
0.663634167949028
0.6688637967998179
0.6346370189682928
0.6351706716845744
0.653492442092523
0.6669609432586072
0.6611735354333844
0.6605504111222326
0.6598634239612691
0.6514363399191184
0.6560995668827403
0.6619479972285027
0.6542873963212664
0.683157605570895
0.6703384493239235
0.6722043688270654
0.6601237988567266
0.6736709088851272
0.6551607349243401
0.6550210272681265
0.6841709792280509
0.6650941797125349
0.6534618721124301
0.6526713950195707
0.6740208246738678
0.6658760158525767
0.6597690644057169
0.6474077543534195
0.6456137310147918
0.6730746324578969
0.6419951386003389
0.6671766317388974
0.6587930037965944
0.6698883198341211
0.6603211397718474
0.660389107439215
0.656822113438518
0.6634004055224123
0.6695212374696073
0.6721660620336968
0.6683666040087438
0.6388223298908555
0.6641536091349141
0.6688757591292629
0.6512873758519783
0.6592408724146881
0.6615558739555841
0.6732585867941009
0.6599405321829193
0.6799474185729718
0.6697127045307592
0.6501432138428156
0.6757171652021243
0.6614767470008875
0.6553462060524576
0.6605091109158623
0.6547127043918566
0.66563651085552
0.6589492727327706
0.6658970367288384
0.6596591438848554
0.6254734533067564
0.6552437317818502
0.6678503115253599
0.654774504641831
0.6516302263522673
0.6446720988876118
0.658565161294243
0.6711711004759557
0.6631899266962744
0.6584942453284969
0.6532625680442807
0.643494926198425
0.6700556560695465
0.6217937215313145
0.6657302308749999
0.6660568102839164
0.606036636258882
0.6344337760385654
0.6668202889333275
