7.923024853942724
8.47333922491172
8.439009234165153
8.711120397638771
8.185471227779342
8.23252169893898
8.530234822632101
8.28074611041239
8.32459453523718
8.357221965637704
8.032986439730658
8.329342883088247
8.413923553257844
8.55563968419931
8.723617508512293
8.454520332463828
8.362717387536291
8.305939162771734
8.531511189813205
8.673921088018082
8.77454114447651
8.456237667745013
8.095546223505378
8.087062815220131
8.245227276951619
8.552308301030479
8.202434024030236
8.417101626750233
8.780365416541896
8.663842751772139
8.533910792398686
8.661064138511078
8.07997806750744
8.441673093575993
8.589510914397366
8.398730986294566
8.147479596468983
8.250590669989304
8.742770824592478
9.050724824680579
8.443433576359139
8.387096477998709
8.852495860017637
8.647103457417206
8.533507348971616
8.292405093353187
7.992773632012213
8.865119491170937
9.10712075111734
8.604811935319452
8.722148026033777
8.434614429718422
8.274157178581394
8.598659203344887
8.716255290224536
8.766373594135718
8.210820529103646
8.338108103108926
8.511486929917487
8.552352607091825
8.707750143408989
8.586086273015502
8.669774845775482
8.562258955850616
8.410657542835024
8.77434140758339
8.64050802663886
8.755067154867612
8.839929461005301
8.092500808072039
8.148573042052897
8.567849534228575
8.095351525863668
8.070314984519575
8.493084117524065
8.119945442607527
8.504407223736294
8.595738401822274
