2.5090282133286563, 3.1547879517536477, 2.3096062230452827, 2.9943919097439538, 6.075693098965555, 5.3047243700068805
2.460585575084055, 3.2032305844905657, 2.261163584643404, 2.945949272011181, 6.02725046152099, 5.3531670084053165
2.406894308614021, 3.15822195637398, 2.2038282408780705, 2.951460002294632, 6.0714989162193955, 5.411912731968662
2.352187965923827, 3.1532871530722817, 2.1817002388444924, 2.9253457131788183, 6.130501919288194, 5.468056392974144
2.3860057184018104, 3.149002026009466, 2.172188337912379, 2.9542910051146234, 6.1984857649742695, 5.503146264255454
2.404784748413998, 3.1144159873915904, 2.1588828524477774, 2.984527989189034, 6.253803604064132, 5.487868390352491
2.439814075749261, 3.150277950529302, 2.1939390862325094, 3.02911094989987, 6.282306013612683, 5.496408267807001
2.4675756257330197, 3.1860439201867408, 2.2156073901571784, 3.091870064193851, 6.292564765903501, 5.535213219396363
2.5217456579506075, 3.2335141759682697, 2.261984354886203, 3.060251208440199, 6.3198073448180905, 5.573159661722205
2.5757073309132816, 3.268741163951758, 2.294633734291648, 3.0411272082276195, 6.327190414506024, 5.620234220908884
2.620583044429961, 3.2889113675223114, 2.3293290704482925, 3.0236728583401873, 6.3352967045888375, 5.639657874123093
2.659433460195025, 3.31390949061642, 2.3572335569477727, 3.013896696820088, 6.354802097941993, 5.649134618112913
2.686734772957668, 3.3424418087470924, 2.385835078831074, 3.0142650168613954, 6.3786934170671685, 5.6412137636644335
2.6935180616399683, 3.3763808408128706, 2.4022108836760436, 3.0145110446123495, 6.40734612348073, 5.621908979680535
2.690436918513837, 3.3839245525472377, 2.4072257404701753, 3.016283641449364, 6.441416442513778, 5.597194371029869
2.685128444365265, 3.39374366916696, 2.3956144856337143, 3.022231718670965, 6.45350068623108, 5.593033187657695
2.681039842881705, 3.4094443588652212, 2.3768611143361107, 3.0315121130632345, 6.4521599809300385, 5.598255882216151
2.674465514014765, 3.433858135356239, 2.351963638205618, 3.037678094221075, 6.442557138308665, 5.6022570713816595
2.6767575808389035, 3.4502598279869012, 2.3225043076348624, 3.0454718611324005, 6.426493805630926, 5.611383126040364
2.6778929986727587, 3.4718858049448587, 2.3066896405889614, 3.061982580569809, 6.421838923378382, 5.641878740947917
2.67768796140713, 3.482783881213635, 2.2909435168075705, 3.079306113450499, 6.423332534171712, 5.659725089842872
2.671432219332596, 3.481609199368869, 2.281526837749939, 3.0949334371410795, 6.424051740000924, 5.659902933859565
2.6618667017301854, 3.490246301031678, 2.2745967113161742, 3.11754904973609, 6.430399702527999, 5.650700027035779
2.6509573093606096, 3.4897573269020508, 2.271433078027002, 3.1352183964504854, 6.434007685619119, 5.6338774227000075
2.638351197912407, 3.484537886150462, 2.279465225034889, 3.156862532155179, 6.437309930763842, 5.623134622824074
2.6274646051513733, 3.4584832145213817, 2.2985011850516983, 3.163147007798426, 6.431997181846812, 5.626315396136074
2.619157855241825, 3.4359002568214607, 2.31596149891245, 3.1647929012897613, 6.4220256985802076, 5.63414981563083
2.6187808751240977, 3.42330595772293, 2.3426771710201746, 3.1648333544624063, 6.395969292947957, 5.619869991545196
2.6226523391807737, 3.4212898084604304, 2.363514241269056, 3.161280326397528, 6.366806736301088, 5.605010487576462
2.6289560967437224, 3.4106921541332054, 2.383501036948859, 3.155102196519933, 6.34396472450365, 5.592469329578066
2.639419056661009, 3.3919790652416695, 2.4012712858047482, 3.141907638262776, 6.319330344703374, 5.5832838941719585
2.6463644804721667, 3.365686608155624, 2.4123873944399716, 3.1274161278624937, 6.3029610214371505, 5.571863942790972
2.650151573477727, 3.3489816401205617, 2.4098965970628194, 3.110663194316003, 6.295943209253495, 5.562848074738994
2.6618540189423006, 3.346892938049979, 2.4087160610090725, 3.1033579024466555, 6.307098585268868, 5.558269572638774
2.666399450166759, 3.3389798096411787, 2.3952519773754557, 3.0999136195352617, 6.319479256788105, 5.5602602052976495
2.668352711921502, 3.3377457871053595, 2.381606898316498, 3.0935260386930103, 6.337146775194194, 5.567640018843178
2.668144179822064, 3.3344315690686863, 2.3574199061072565, 3.0846206340126474, 6.349382254996329, 5.58266589564332
2.6678936380253675, 3.3369817278625122, 2.330409167980462, 3.0814820322119076, 6.361969424121831, 5.595286261461348
2.6609231942538476, 3.33906847327443, 2.3008790762883615, 3.0779205839077584, 6.373940545651998, 5.60659128990106
2.6495792246220153, 3.343549181467276, 2.278300791365, 3.0792990670947966, 6.386766173484076, 5.623213589849987
2.6362685942272055, 3.347156154504319, 2.260233465967764, 3.0836788727926896, 6.403860905646137, 5.636910769294185
2.620144031069394, 3.3484207600982616, 2.2514630421034814, 3.085304289981551, 6.413138910976428, 5.6406725811427885
2.609024779476375, 3.351150447663497, 2.2544461744266298, 3.0816933109930984, 6.405491300744282, 5.645882761861146
2.603179589538677, 3.355334392895031, 2.27237784200869, 3.0735146707226457, 6.394048316539816, 5.6523689780545325
2.5897862706371257, 3.3619467252562076, 2.2945863703083096, 3.070073858991575, 6.388796126110238, 5.655198260864136
2.58080265474264, 3.3690718732158067, 2.316674568205735, 3.0704534347144694, 6.387405169968005, 5.660332990184599
2.5831949131503538, 3.385545892447, 2.3395623721487975, 3.071555129160181, 6.378176287526138, 5.663569424161698
2.573790199865423, 3.4021737004802675, 2.3331512257279727, 3.054581679995023, 6.369788465977461, 5.667347002818497
2.5662032182181562, 3.4094858581517995, 2.320553687309224, 3.039872060154088, 6.3579962297690615, 5.660558617539967
2.563845207771629, 3.4127298331623006, 2.306695061597266, 3.028380791581204, 6.34963327595486, 5.646685447315235
2.563080896899457, 3.41530967542389, 2.2980202308266295, 3.0251627038554902, 6.352350726167864, 5.630243827967248
2.562152493180503, 3.411897807401931, 2.29235046056006, 3.029061704429045, 6.356755389375303, 5.610927054337449
2.5650785156847182, 3.405459659724363, 2.288600058304329, 3.041550467818661, 6.365594221339212, 5.591120528318415
2.572691188319712, 3.397230766352951, 2.288848381225146, 3.0554765126964765, 6.373251060641252, 5.568092232827521
2.582820749282747, 3.3864996889342205, 2.287026224164313, 3.0680660525031533, 6.374679744734302, 5.559860021532156
2.590089078495252, 3.37072993959282, 2.2870284606773046, 3.0752286262301802, 6.370122900945634, 5.55586286272876
2.593307877257674, 3.3545452019345685, 2.286537426776227, 3.071248331806707, 6.351812357269865, 5.543820688819252
2.5821455214898577, 3.336324385774933, 2.260897107063758, 3.0510740612951994, 6.342225887530062, 5.550828180976712
2.5689619090828884, 3.3296993544733824, 2.2402514334005765, 3.0301529662789255, 6.3339271696829105, 5.559031903319069
2.553225564075315, 3.3189954049846184, 2.222457643123448, 3.005946067349312, 6.326348596621279, 5.560203216543657
2.5391922647962333, 3.312265925377289, 2.208943341747007, 2.990197683561885, 6.318228619782812, 5.561174007612758
2.5298039940088057, 3.3022347160544543, 2.2026485247550682, 2.983827092327133, 6.314685518077396, 5.565162356113508
2.529950163818824, 3.292021278802606, 2.2072853338957885, 2.983509850252409, 6.312778827920481, 5.5659642010227035
2.5307261787862307, 3.2790953550711968, 2.2144578093816225, 2.983046832610014, 6.315601463226822, 5.566347767689911
2.533482157060142, 3.2691548243550494, 2.2324858429146053, 2.986436054454926, 6.324970097992924, 5.557689787162809
2.5371446526306105, 3.2564404935581956, 2.2480581004839535, 2.988398333803916, 6.331936776990506, 5.549572105657699
2.543407304600253, 3.2428665306998545, 2.2640608391097334, 2.992649798525674, 6.332687051349648, 5.542740462131435
2.554713291087798, 3.229226560641437, 2.2789493277328225, 2.9980306686049656, 6.328082091482592, 5.542345718275386
2.565766338364763, 3.216966535913576, 2.288237371175503, 3.005252736665899, 6.318983356704073, 5.541154660127898
2.572247785770565, 3.216101545702481, 2.298358567142935, 3.0087622991429885, 6.309371142570631, 5.541661462804623
2.581588321904545, 3.2221643493909755, 2.3079561508923048, 3.013795962814966, 6.2959294160068415, 5.552969516479654
2.5854372119829745, 3.2319712999916717, 2.317146608407875, 3.018549751468167, 6.278358228305287, 5.566184534006963
2.5845385271163575, 3.2318337831318598, 2.3245454651147894, 3.0244870848984515, 6.276922504218593, 5.564266077036717
