9.785448168397359
9.577134001046408
9.074723057977845
8.381060124721234
8.378493923265568
9.321919468405401
9.00251892856152
8.81181109632581
8.393682883364994
8.082382690410247
8.884536343156206
8.543687729218751
8.511647147923341
8.702076253211054
8.651916814631521
9.43169747242742
8.725932915747794
8.765660284015206
8.850346244554144
9.188829043569251
8.796443889953864
8.206364650052762
8.34416742262503
9.064203385748247
9.451184932099649
8.325152284994973
8.531031454085802
8.506038463946803
8.237404175107997
8.094031255259361
8.697681502962956
8.961300100552553
9.074077248011282
8.805762637780536
8.510048082949716
8.644398418441684
8.395497208493802
8.573297596450644
8.634864953770194
8.953005465713904
8.763023712765186
8.14980006279242
8.205438664676507
8.666786813578438
8.506096134597305
8.455370153985365
8.613903165429756
8.741091985945456
8.832870877550466
8.670793851930872
9.242649091451442
8.614666660813032
8.297021856057682
8.76050451197309
8.450776381857763
8.28223555840774
8.425197703845436
8.490760743421038
8.541158441912046
8.597080899413088
8.455196941883282
8.666847433960948
8.834413280044727
8.715692732346337
8.77387181594858
8.256468917744062
8.746322490842163
8.580497549541462
8.528917455220133
8.60955165778042
8.404457842328583
8.476371309762982
8.339004885420325
