8.249657312883757
7.993208282758485
8.680916793505682
8.742854301627245
9.007181105276056
8.520968077253926
8.843864262546324
8.733252728592177
8.33077519412132
8.209510482953718
8.57671945641953
9.015867683342156
8.329337935782538
8.189150891412075
8.724171749034877
8.756010455483244
8.712640879465566
7.957538795876693
8.390279860544217
8.310045057079046
8.136741361375842
8.298205976922018
9.287338007554427
8.626289619983863
8.11895790830144
8.477457436944732
8.721507868510383
8.63351630460982
8.223042301918127
8.860276883612043
8.71631993748906
9.327731568905001
8.845587491900593
9.094407354563385
8.160665510024762
9.066231939297708
8.986275236748861
8.728726789313269
9.123453221051934
8.974513520821827
8.953261434948095
8.924039346928037
8.753740029348268
8.594974669439583
8.721875832940745
9.00651595175828
8.736185454332968
8.654606967082186
8.319289555679688
8.58226800627835
9.040396310615025
8.66476557023321
8.357397451961804
7.793101913847732
8.526041853544053
8.785205396260617
8.343338892956996
8.348343837660257
8.44517065484577
8.489909282213265
8.730159195291156
8.362942699229281
8.6531780884669
8.698741590483918
8.694658473767136
8.34718497539767
8.13110967461783
8.399057759324226
7.950540718055743
8.440960236279734
8.124587620279003
8.533218910805159
8.452679969822572
8.393364335901373
8.679255013925932
8.61659755007109
9.017819444003052
8.717636330017134
